 1 0.00 1.00 1.00e-06 0.00 1.00e+18 230.00 0.00
 2 0.00 2.00 1.00e-06 0.00 1.00e+18 230.00 -120.00
 3 0.00 3.00 1.00e-06 0.00 1.00e+18 230.00 120.00
 4 0.00 1.00 0.00e+00 0.00 5.00e+02 0.00 0.00
 5 0.00 2.00 0.00e+00 0.00 5.00e+02 0.00 0.00
 6 0.00 3.00 0.00e+00 0.00 5.00e+02 0.00 0.00
 7 1.00 2.00 0.00e+00 0.00 2.50e-01 0.00 0.00
 8 2.00 3.00 0.00e+00 0.00 2.50e-01 0.00 0.00
 9 3.00 1.00 0.00e+00 0.00 2.50e-01 0.00 0.00
10 1.00 4.00 6.50e+00 145.00 1.00e+18 0.00 0.00
11 2.00 5.00 6.50e+00 145.00 1.00e+18 0.00 0.00
12 3.00 6.00 6.50e+00 145.00 1.00e+18 0.00 0.00
13 6.00 4.00 0.00e+00 0.00 2.50e-01 0.00 0.00
14 5.00 6.00 0.00e+00 0.00 2.50e-01 0.00 0.00
15 4.00 5.00 0.00e+00 0.00 2.50e-01 0.00 0.00
16 0.00 6.00 0.00e+00 0.00 5.00e+02 0.00 0.00
17 0.00 5.00 0.00e+00 0.00 5.00e+02 0.00 0.00
18 0.00 4.00 0.00e+00 0.00 5.00e+02 0.00 0.00
29 0.00 4.00 0.00e+00 0.00 5.00e+02 0.00 0.00
20 0.00 5.00 0.00e+00 0.00 5.00e+02 0.00 0.00
21 0.00 6.00 0.00e+00 0.00 5.00e+02 0.00 0.00
22 4.00 5.00 0.00e+00 0.00 2.50e-01 0.00 0.00
23 5.00 6.00 0.00e+00 0.00 2.50e-01 0.00 0.00
24 6.00 4.00 0.00e+00 0.00 2.50e-01 0.00 0.00
25 4.00 7.00 6.50e+00 145.00 1.00e+18 0.00 0.00
26 5.00 8.00 6.50e+00 145.00 1.00e+18 0.00 0.00
27 6.00 9.00 6.50e+00 145.00 1.00e+18 0.00 0.00
28 9.00 7.00 0.00e+00 0.00 2.50e-01 0.00 0.00
29 8.00 9.00 0.00e+00 0.00 2.50e-01 0.00 0.00
30 7.00 8.00 0.00e+00 0.00 2.50e-01 0.00 0.00
31 0.00 9.00 0.00e+00 0.00 5.00e+02 0.00 0.00
32 0.00 8.00 0.00e+00 0.00 5.00e+02 0.00 0.00
33 0.00 7.00 0.00e+00 0.00 5.00e+02 0.00 0.00
34 0.00 7.00 5.00e+02 500.00 1.00e+18 0.00 0.00
35 0.00 8.00 5.00e+02 500.00 1.00e+18 0.00 0.00
36 0.00 9.00 5.00e+02 500.00 1.00e+18 0.00 0.00
